0 0.03225802072353657
1 0.03993277847833815
2 0.05127739925152497
3 0.060294561321897935
4 0.06346598525194608
5 0.06446711332920006
6 0.057648220874545825
7 0.05558782353177981
8 0.051368603971690366
9 0.0450615710334223
10 0.03774750548049544
11 0.031513965174194296
12 0.023102391672726343
13 0.014728546228329588
14 0.018962932183603457
15 0.01970287212565793
16 0.018788993427001837
17 0.00012240914998199498
18 0.00930705286328897
19 0.01741329262374427
20 0.027470780294703255
21 0.03410778241105496
22 0.04369677070448476
23 0.05241487213568359
24 0.060318376718875785
25 0.06361901354155501
26 0.06367781775469544
27 0.06006611665490108
28 0.054532534179151125
29 0.05147245729514
30 0.0462058549644933
31 0.03886052924240442
32 0.032208034308228904
33 0.026899805947254676
34 0.019880033224320356
35 0.014456619003076354
36 0.016877647466397347
37 0.01979545718088062
38 0.003100000161291945
39 0.008699407106238429
40 0.016559452708348254
41 0.023803720234452416
42 0.03111247815587913
43 0.03239749795895118
44 0.03707828574786365
45 0.04018041015221377
46 0.04865368126874039
47 0.05781043568422838
48 0.06342924666902913
49 0.06339004670293485
50 0.05441738539290855
51 0.05459489705092133
52 0.05441679543119116
53 0.050625075812289734
54 0.04346738644086994
55 0.03831516892824482
56 0.032734355057040546
57 0.026938919243356358
58 0.026938919243356358
59 0.01952261468144534
60 0.021450000023312397
61 0.019750032835411113
62 0.0048379562833871705
63 0.0045347639409360875
64 0.015531395075783657
65 0.023794478288041217
66 0.034101361160514945
67 0.04243450110464406
68 0.04857128494285703
69 0.0568863992620406
70 0.0636927034596614
